24957
31549
51429
54576
28430
41532
20675
60297
40670
29265
7853
38799
9714
48961
34884
60974
18422
1355
21809
59715
44592
45821
36679
11446
46353
59014
49286
39830
49952
43182
44835
60761
56783
31870
10717
47814
62722
25127
47947
10684
20808
53723
36959
21693
21693
24709
43262
18930
18538
41168
40912
27302
18604
55020
17433
39661
59515
28982
42106
65301
50702
9167
30512
35899
53512
32020
27440
59584
17389
52633
30812
39729
32175
5004
52083
20500
48543
1990
12140
46058
55690
32349
37120
33832
1072
38344
21841
47803
40739
613
6485
8645
28509
31036
8205
58101
50502
28646
16626
23957
47084
14671
51566
29225
17931
56168
11110
41131
26243
47447
57945
37183
754
33922
2157
36084
52057
34044
12159
55046
26091
41962
14249
60741
58455
12420
49073
18989
42146
54923
5064
2840
61568
60425
1843
45740
14454
8069
15633
25133
45253
45239
3776
13598
13016
1882
29368
45205
32660
32607
12323
23696
37650
12971
59754
61419
31171
65515
28053
59843
42923
59199
38131
55996
60587
29079
11333
63723
53988
23108
2548
16221
7825
17383
64950
20832
48899
20222
29700
34743
20413
57539
11995
64722
11379
33102
39862
35784
33735
10307
1827
38384
2273
37842
8026
64212
15367
57076
64720
6306
27618
48511
53376
26005
52538
55224
42835
24618
27336
16115
40832
14822
25524
62091
58251
59873
29370
48109
40354
52901
6841
8627
28956
58731
64812
61852
26005
62679
50401
34637
19258
5497
75
59066
43358
24911
9364
25890
8860
34444
29186
40607
48111
43090
23800
2359
43399
43860
37281
36037
44033
29446
21760
6547
54790
138
29017
33390
60661
3231
40789
41499
55759
62568
26120
37977
39358
25501
15182
3983
21104
28712
39183
33466
5425
8594
11335
54013
8125
3101
62763
33259
10801
35377
30189
49466
24977
43362
3219
56965
54670
26799
34147
25140
22889
58906
25539
56271
37534
28853
28750
19509
20334
41936
49604
22466
23250
7780
48173
22357
9695
41333
50138
13309
34785
20265
37264
60877
63749
64747
63451
16249
28484
33649
22542
64986
1310
19018
11684
24785
56595
63340
47369
6753
3809
53549
34157
3433
35727
34672
61608
10128
46734
27316
65004
44499
21473
41655
9625
35095
28843
27938
60037
27699
7122
25980
14708
10189
23269
3114
50958
3462
29591
20923
9437
52429
50858
38744
21447
58122
28132
1033
31677
16484
7810
2621
49556
38195
31716
45156
10028
21334
48695
29741
64434
34271
64980
10450
48103
31072
28993
55235
51541
52158
51277
44607
5484
58354
36393
17543
38644
21787
5522
53747
1810
7300
4279
5977
13367
38015
14676
15491
1470
62993
43056
32886
47304
13784
62675
17701
42506
19851
27120
43094
3961
48925
30803
58047
44023
31064
48168
3751
23674
43934
63019
42527
12940
30768
6036
2329
37023
34157
11024
6958
8945
59367
29277
39380
236
48290
26191
9495
52199
36089
33165
12225
50913
32853
27650
42922
60340
48105
33221
17665
829
43410
668
5744
59363
17860
58133
14911
55868
56500
7235
20553
16233
41313
1837
16300
9597
25047
21445
33918
32012
60189
15425
38621
25875
55632
58434
48282
4396
64835
16988
64220
28279
56680
22970
3198
33601
21328
62457
34327
46428
54976
63522
22661
23721
41671
7716
16
53135
50457
15808
6052
1956
5190
12138
5861
625
33383
62670
30166
40596
53258
10351
43805
15796
4722
65476
49495
20696
8483
9192
65120
58467
58724
27327
7010
37869
51950
57150
18403
10851
36871
21466
64394
53394
19627
59460
60370
39408
24724
60286
13015
40229
46908
30613
21742
35271
25431
9461
49727
57217
26979
35484
14887
59909
56972
44750
1583
25093
32526
33636
60410
53986
2349
29135
28458
32905
130
28565
8130
44501
50338
9364
15812
37753
59005
7006
37210
42702
28037
30987
32375
43089
55451
16401
48563
20612
27630
2160
53262
59433
9105
29129
60224
3094
2038
27010
21945
50727
50450
59990
44888
53611
11102
52229
37883
45284
37746
62271
8689
27424
9632
3023
56825
35637
30544
31657
64348
5607
15294
27902
26358
41438
26085
23136
59861
47270
51613
6663
489
11535
19136
55134
34589
38850
65230
3008
6027
44491
22536
23424
30830
31567
52472
15012
24894
41101
17551
36953
28021
48434
29276
55252
34227
4036
55121
52543
58675
39247
10019
54190
51755
35331
49193
27144
55781
26468
55389
9982
43454
57604
9682
29471
46930
6946
34809
11019
18944
57285
33157
17872
18730
33956
56589
52246
29418
55161
22724
53000
41294
20573
44092
35086
58865
31745
9772
33253
20525
45842
50194
645
44694
2601
19025
40641
43916
906
5532
21042
19705
6895
11786
3750
19043
16624
26021
33665
26908
55405
55208
59995
20151
43557
3907
19725
5102
33365
5376
48990
36994
6014
1213
39416
31057
20730
1100
51350
16151
48543
10206
35194
19624
53084
13881
39811
6312
23924
18239
18992
10148
46530
56244
15926
59838
43650
35375
40428
35164
10172
29255
13667
41181
56837
55599
57884
8681
63918
10783
56648
58528
668
56617
12293
40209
19257
53503
19272
50430
33145
33771
34662
11453
21791
26046
2405
53906
57163
38016
64847
43580
49784
38942
14352
41225
25701
49766
38951
17305
20052
24847
1505
31779
41172
56015
55612
20609
43045
36781
63545
57551
23142
7013
62300
6273
53904
40845
13037
7782
30673
32308
21832
2711
18798
27950
51294
24071
59774
51908
32262
9308
15658
26010
7863
12433
26033
34936
2141
3407
6864
40586
41516
44488
2814
33471
31239
47342
26973
56492
20337
8593
41299
27575
43617
14528
48700
60867
7368
15977
16135
20028
33705
50547
11257
58570
60247
52849
36011
60562
30977
60572
6030
46696
30124
59068
49051
56604
19171
16101
53731
27706
41888
45746
43136
13017
39591
53402
44118
42453
50933
1978
57416
50058
23883
23776
32875
26247
34667
4992
13122
43463
29866
57880
52216
16176
45095
41350
59236
30043
38335
7214
38002
48061
41884
42703
24555
39097
10674
22483
15647
39974
63076
64735
60888
1632
1728
47089
23913
51436
38058
30551
20987
40301
46410
11461
28035
9081
57624
51692
37515
63694
29829
2681
53538
19188
28520
1658
19334
28865
22959
25389
24836
11848
22550
54646
36434
41626
46011
1722
5492
52368
42429
60681
47702
40697
21708
20659
56602
54555
2095
46463
30084
62183
33282
47970
64691
61609
52303
31728
4382
7309
4460
33978
36244
23992
4917
3645
